0
0.0
2.0
1.0
8.0
3.0
7.0
5.0
9.0
10.0
2.0
1.0
3.0
1.0
8.0
2.0
10.0
2.0
3.0
14.0
6.0
11.0
17.0
27.0
30.0
3.0
12.0
6.0
7.0
31.0
13.0
2.0
1.0
30.0
53.0
15.0
24.0
18.0
17.0
5.0
18.0
104.0
21.0
27.0
27.0
12.0
1.0
113.0
1.0
10.0
28.0
48.0
7.0
29.0
24.0
28.0
27.0
2.0
23.0
11.0
11.0
78.0
6.0
38.0
13.0
2.0
6.0
25.0
20.0
23.0
10.0
74.0
5.0
58.0
26.0
38.0
53.0
22.0
12.0
1.0
113.0
1.0
38.0
49.0
114.0
2.0
34.0
11.0
63.0
15.0
44.0
49.0
17.0
23.0
211.0
11.0
37.0
27.0
12.0
1.0
113.0
1.0
38.0
49.0
6.0
29.0
52.0
3.0
24.0
125.0
6.0
38.0
13.0
2.0
6.0
25.0
20.0
23.0
49.0
35.0
5.0
122.0
21.0
27.0
27.0
12.0
1.0
113.0
1.0
38.0
52.0
84.0
152.0
6.0
38.0
49.0
17.0
23.0
84.0
5.0
82.0
38.0
2.0
53.0
22.0
12.0
1.0
113.0
1.0
38.0
55.0
81.0
61.0
13.0
78.0
44.0
13.0
8.0
25.0
3.0
124.0
5.0
82.0
40.0
11.0
37.0
27.0
12.0
1.0
113.0
1.0
93.0
81.0
27.0
2.0
45.0
78.0
44.0
13.0
8.0
25.0
3.0
17.0
23.0
84.0
5.0
122.0
53.0
22.0
12.0
1.0
113.0
1.0
93.0
81.0
27.0
2.0
45.0
78.0
44.0
13.0
8.0
25.0
3.0
17.0
23.0
84.0
5.0
122.0
32.0
16.0
5.0
22.0
12.0
1.0
113.0
1.0
38.0
55.0
81.0
34.0
1.0
39.0
78.0
44.0
49.0
17.0
23.0
84.0
5.0
122.0
32.0
16.0
154.0
15.0
23.0
136.0
27.0
2.0
45.0
78.0
44.0
13.0
8.0
25.0
3.0
124.0
5.0
122.0
32.0
16.0
5.0
22.0
12.0
1.0
31.0
82.0
1.0
38.0
55.0
36.0
