0,1,2,3,4
0.0,0.0,0.0,0.0,0.0
-0.83292,-7.5404,-0.65005,0.92544,-1.0
-4.98082,-0.4179001,-0.733454,-5.4917603,0.0
-3.6808202,-10.6857,2.219546,0.3720398,-1.0
-5.70932,-6.8389006,1.585196,-0.80296016,0.0
-12.13402,2.6921997,1.60804,-7.65466,1.0
-14.505819,-4.7986,1.592051,-5.9132605,0.0
-16.453419,-0.0248003,-6.9349494,-4.0464606,-1.0
-21.00652,-12.6102,8.50675,-5.5447607,0.0
-19.87522,-14.5139,0.9728503,-6.5667605,-1.0
-20.24028,-11.621099,-2.6732497,-9.627061,0.0
-21.58218,-7.1989994,-10.76325,-7.892161,-1.0
-20.8379,-10.971299,-9.15015,-6.316761,0.0
-19.1048,-7.016899,-13.89135,-8.81846,1.0
-20.361599,-8.490199,-11.01955,-8.37193,2.0
-19.306398,-7.304499,-13.66065,-8.2616005,3.0
-20.005188,-10.681599,-9.539551,-6.7573004,4.0
-17.974188,-8.829598,-12.551651,-6.7542973,5.0
-22.351488,-14.346298,-1.6126509,-7.162497,6.0
-21.123589,-10.315398,-6.2561507,-11.074997,7.0
-20.059889,-6.6196985,-10.41555,-13.012897,8.0
-17.345589,-18.073198,-12.52475,-9.049996,7.0
-15.3278885,-16.274998,-15.48285,-8.840096,8.0
-15.113579,-16.970287,-14.60574,-8.543567,9.0
-15.633079,-13.706987,-17.69524,-7.5586667,8.0
-19.440378,-21.804089,-7.5180397,-6.907827,9.0
-24.606478,-13.760789,-7.473775,-11.406127,10.0
-24.047089,-14.071189,-7.2907047,-10.959597,11.0
-23.88601,-7.608789,-15.648005,-9.437997,10.0
-24.05897,-8.790389,-14.266205,-8.704397,11.0
-27.41717,-16.030788,-2.8243046,-9.275527,12.0
-26.90904,-15.552798,-4.8047047,-8.698387,13.0
-29.00124,-8.742798,-13.268305,-8.096228,12.0
-28.62487,-9.566378,-12.482875,-7.3509874,13.0
-28.875221,-18.892578,-8.795575,-1.0966873,12.0
-31.036821,-12.012178,-16.947275,-1.0156393,11.0
-28.64512,-7.4556785,-21.936075,-3.9143393,12.0
-31.313622,-17.907578,-12.822175,-5.6466393,13.0
-30.576021,-13.055078,-17.620775,-11.31254,14.0
-27.928122,-23.192478,-16.289776,-5.8418403,13.0
-27.684181,-21.719177,-17.708977,-6.4271903,14.0
-28.203682,-18.455877,-20.798477,-5.4422903,13.0
-26.695982,-16.496277,-23.856876,-5.56472,14.0
-30.294481,-30.155577,-6.2516766,-8.057421,15.0
-34.39828,-25.348677,-9.600777,-7.565171,14.0
-34.28236,-22.126778,-13.030977,-10.410871,15.0
-33.06256,-20.028578,-16.226377,-10.28244,16.0
-33.39176,-15.573378,-20.798178,-9.29364,15.0
-32.604862,-25.139679,-17.011478,-1.7902403,14.0
-38.94126,-15.854879,-16.997204,-8.57464,15.0
-37.082863,-23.74088,-15.332904,-6.7362404,14.0
-35.50186,-22.87179,-17.646704,-5.9121203,15.0
-34.05176,-19.26509,-21.702404,-7.5087204,16.0
-32.56216,-15.83629,-25.733303,-8.93462,17.0
-34.229862,-22.98979,-17.840403,-7.96697,18.0
-32.442364,-18.20979,-22.976603,-11.20317,19.0
-29.794464,-28.347189,-21.645603,-5.73247,18.0
-36.830864,-19.054089,-21.479664,-10.27207,19.0
-37.350334,-15.790789,-24.569164,-9.287149,18.0
-38.010414,-19.016788,-20.763365,-8.10355,19.0
-36.420013,-16.804688,-23.881664,-8.2208,20.0
-39.506615,-23.440887,-13.341165,-9.11262,21.0
-37.475616,-21.588888,-16.353264,-9.109617,22.0
-35.742516,-17.634487,-21.094463,-11.611317,23.0
-36.262016,-14.371187,-24.183964,-10.626417,22.0
-40.082317,-27.426289,-7.225664,-12.931618,23.0
-39.57419,-26.9483,-9.206064,-12.354478,24.0
-39.903427,-22.4931,-13.777864,-11.365678,23.0
-38.839725,-18.7974,-17.937263,-13.303577,24.0
-36.981327,-26.6834,-16.272964,-11.465178,23.0
-35.72413,-21.810299,-21.559065,-17.339277,24.0
-33.332428,-17.2538,-26.547865,-20.237978,25.0
-36.93773,-23.227798,-16.456264,-21.066439,26.0
-35.34733,-21.015697,-19.574564,-21.18369,27.0
-35.8668,-17.752398,-22.664064,-20.198769,26.0
-34.0084,-25.638397,-20.999763,-18.360369,25.0
-34.5279,-22.375097,-24.089264,-17.37547,24.0
-35.226692,-25.752197,-19.968164,-15.871169,25.0
-35.932392,-20.254097,-28.304964,-12.999669,24.0
-33.914692,-18.455896,-31.263063,-12.789769,25.0
-38.40079,-31.744797,-13.954363,-16.009169,26.0
-37.180992,-29.646597,-17.149763,-15.880738,27.0
-37.510193,-25.191397,-21.721563,-14.891938,26.0
-36.865475,-20.585197,-30.068563,-12.182038,25.0
-40.223675,-27.825598,-18.626663,-12.753168,26.0
-38.436176,-23.045597,-23.762863,-15.989368,27.0
-35.788277,-33.183,-22.431864,-10.518669,26.0
-36.307777,-29.919699,-25.521364,-9.53377,25.0
-34.818176,-26.490898,-29.552265,-10.959669,26.0
-35.337677,-23.227598,-32.641766,-9.97477,25.0
-38.479977,-36.2641,-16.964466,-10.636419,26.0
-37.416275,-32.568398,-21.123867,-12.574319,27.0
-35.908577,-30.608797,-24.182266,-12.696749,28.0
-33.890877,-28.810596,-27.140366,-12.486849,29.0
-32.300476,-26.598495,-30.258665,-12.604099,30.0
-35.139576,-33.228497,-19.773766,-13.025229,31.0
-35.659046,-29.965197,-22.863266,-12.04031,30.0
-36.364746,-24.467096,-31.200066,-9.16881,29.0
-40.742046,-29.983795,-20.261066,-9.57701,30.0
-40.580967,-23.521395,-28.618366,-8.05541,29.0
-38.189266,-18.964895,-33.607166,-10.95411,30.0
-41.419765,-26.178394,-21.963867,-11.90024,31.0
-39.686665,-22.223995,-26.705067,-14.401939,32.0
-40.206165,-18.960695,-29.794567,-13.41704,31.0
-43.712166,-31.527395,-14.633967,-14.1692,32.0
-44.041405,-27.072195,-19.205769,-13.1804,31.0
-42.010406,-25.220196,-22.217869,-13.177397,32.0
-39.816105,-20.669895,-27.193869,-15.902797,33.0
-40.514896,-24.046995,-23.07277,-14.398497,34.0
-39.87018,-19.440796,-31.41977,-11.688597,33.0
-44.917877,-25.243095,-20.17577,-12.078697,34.0
-45.437378,-21.979795,-23.26527,-11.093798,33.0
-43.856377,-21.110706,-25.579071,-10.269678,34.0
-41.99798,-28.996706,-23.914772,-8.431278,33.0
-42.32718,-24.541506,-28.486572,-7.442478,32.0
-39.93548,-19.985006,-33.475372,-10.341178,33.0
-43.74278,-28.082108,-23.298172,-9.690338,34.0
-44.072018,-23.626907,-27.869972,-8.701538,33.0
-42.054317,-21.828707,-30.828072,-8.491638,34.0
-39.406418,-31.966106,-29.497072,-3.0209384,33.0
-39.24534,-25.503706,-37.85437,-1.4993384,32.0
-43.456337,-37.977306,-22.88397,-2.8877382,33.0
-43.161137,-33.091705,-28.03297,-9.120038,34.0
-40.966835,-28.541405,-33.008972,-11.845438,35.0
-40.179935,-38.107704,-29.222273,-4.342038,34.0
-38.729836,-34.501003,-33.277973,-5.938638,35.0
-36.698837,-32.649002,-36.290073,-5.935635,36.0
-37.218338,-29.385702,-39.379574,-4.950735,35.0
-40.448837,-36.5992,-27.736275,-5.896865,36.0
-38.66134,-31.8192,-32.872475,-9.133065,37.0
-39.18084,-28.5559,-35.961975,-8.148165,36.0
-39.70031,-25.2926,-39.051476,-7.1632447,35.0
-41.47161,-36.0591,-28.833076,-8.167544,36.0
-39.73851,-32.104702,-33.574276,-10.669245,37.0
-37.54421,-27.554401,-38.550278,-13.394645,38.0
-42.591908,-33.3567,-27.306278,-13.784744,39.0
-40.574207,-31.5585,-30.264378,-13.574844,40.0
-40.413128,-25.0961,-38.621677,-12.053245,39.0
-41.073208,-28.3221,-34.815876,-10.869644,40.0
-41.59271,-25.0588,-37.905376,-9.884745,39.0
-43.599308,-31.7778,-28.889175,-9.7847595,40.0
-42.008907,-29.5657,-32.007477,-9.90201,41.0
-39.97791,-27.713701,-35.019577,-9.899007,42.0
-40.49741,-24.450401,-38.109077,-8.914106,41.0
-44.87471,-29.967102,-27.170078,-9.322307,42.0
-43.367012,-28.007502,-30.228477,-9.4447365,43.0
-43.696213,-23.552301,-34.800278,-8.455936,42.0
-48.173714,-36.582603,-17.716877,-11.490437,43.0
-47.162014,-35.680405,-20.067476,-11.063296,44.0
-45.954014,-31.606005,-24.830976,-13.676196,45.0
-46.659714,-26.107904,-33.167778,-10.804696,44.0
-47.179214,-22.844604,-36.25728,-9.819796,43.0
-48.846916,-29.998104,-28.364378,-8.852145,44.0
-47.265915,-29.129015,-30.678179,-8.028026,45.0
-44.874214,-24.572515,-35.666977,-10.926725,46.0
-43.574215,-34.840317,-32.713978,-5.0629253,45.0
-44.093716,-31.577017,-35.80348,-4.0780253,44.0
-44.613186,-28.313717,-38.89298,-3.0931053,43.0
-48.211685,-41.973015,-21.287779,-5.5858054,44.0
-48.631336,-39.063614,-23.073679,-7.7927055,45.0
-47.050335,-38.194523,-25.38748,-6.9685855,46.0
-49.055435,-31.330723,-33.519478,-6.7284856,45.0
-46.861134,-26.780422,-38.495476,-9.453886,46.0
-45.002735,-34.666424,-36.831177,-7.615486,45.0
-45.522236,-31.403124,-39.920677,-6.630586,44.0
-49.272537,-44.861725,-22.327477,-9.407686,45.0
-47.76484,-42.902126,-25.385876,-9.530116,46.0
-47.12012,-38.295925,-33.732876,-6.820216,45.0
-47.44932,-33.840725,-38.304676,-5.831416,44.0
-47.968822,-30.577425,-41.394176,-4.846516,43.0
-52.346123,-36.094124,-30.455177,-5.254716,44.0
-50.61302,-32.139725,-35.196377,-7.756416,45.0
-51.132492,-28.876425,-38.285877,-6.771496,44.0
-50.345592,-38.442726,-34.499176,0.73190403,43.0
-48.15129,-33.892426,-39.475174,-1.993496,44.0
-48.48049,-29.437225,-44.046974,-1.0046959,43.0
-51.868893,-37.652225,-33.715473,-0.022825897,44.0
-50.611694,-32.779125,-39.00157,-5.896926,45.0
-48.580696,-30.927126,-42.01367,-5.893923,46.0
-52.597996,-39.239426,-29.558971,-7.331423,47.0
-50.580296,-37.441227,-32.51707,-7.121523,48.0
-49.090694,-34.01243,-36.54797,-8.547422,49.0
-49.610195,-30.749128,-39.63747,-7.5625224,48.0
-50.129696,-27.485828,-42.72697,-6.5776224,47.0
-50.789776,-30.711828,-38.92117,-5.3940225,48.0
-54.020275,-37.925327,-27.27787,-6.3401523,49.0
-54.539776,-34.662025,-30.36737,-5.3552523,48.0
-53.089676,-31.055325,-34.42307,-6.9518523,49.0
-53.418915,-26.600124,-38.99487,-5.9630523,48.0
-56.561214,-39.636623,-23.31757,-6.6247025,49.0
-55.823616,-34.784122,-28.116169,-12.290603,50.0
-54.090515,-30.829723,-32.85737,-14.792303,51.0
-54.610016,-27.566423,-35.94687,-13.807404,50.0
-51.962116,-37.703823,-34.615868,-8.336704,49.0
-49.931118,-35.85182,-37.627968,-8.333701,50.0
-47.913418,-34.053623,-40.586067,-8.123801,51.0
-50.752518,-40.683624,-30.101166,-8.544931,52.0
-49.524616,-36.652725,-34.744667,-12.457432,53.0
-47.330315,-32.102425,-39.720665,-15.182832,54.0
-47.659554,-27.647224,-44.292465,-14.194032,53.0
-52.137054,-40.677525,-27.209064,-17.22853,54.0
-49.745354,-36.121025,-32.197865,-20.127232,55.0
-50.264854,-32.857727,-35.287365,-19.142332,54.0
-47.616955,-42.995125,-33.956364,-13.671633,53.0
-48.136425,-39.731827,-37.045864,-12.686712,52.0
-48.465626,-35.276627,-41.617664,-11.697912,51.0
-48.985126,-32.01333,-44.707165,-10.713013,50.0
-50.517326,-37.10993,-38.029266,-10.538033,51.0
-50.846527,-32.654728,-42.601067,-9.5492325,50.0
-50.059628,-42.221027,-38.814365,-2.0458326,49.0
-48.02863,-40.369026,-41.826466,-2.0428298,50.0
-54.36503,-31.084227,-41.81219,-8.8272295,51.0
-54.8845,-27.820927,-44.90169,-7.8423095,50.0
-56.6558,-38.587425,-34.683292,-8.846609,51.0
-56.49472,-32.125027,-43.040592,-7.3250093,50.0
-60.09322,-45.784325,-25.435392,-9.817709,51.0
-58.585518,-43.824726,-28.493792,-9.940139,52.0
-56.193817,-39.268227,-33.48259,-12.838839,53.0
-55.5491,-34.662025,-41.82959,-10.128939,52.0
-56.0686,-31.398726,-44.91909,-9.144039,51.0
-59.2109,-44.435226,-29.24179,-9.805689,52.0
-57.9537,-39.562126,-34.52789,-15.679789,53.0
-56.166203,-34.782127,-39.66409,-18.915989,54.0
-53.518303,-44.919525,-38.333088,-13.44529,53.0
-51.927902,-42.707424,-41.45139,-13.56254,54.0
-52.447403,-39.444122,-44.54089,-12.577641,53.0
-52.966873,-36.180824,-47.63039,-11.59272,52.0
-56.988674,-44.484825,-35.07539,-13.10262,53.0
-57.508175,-41.221527,-38.16489,-12.11772,52.0
-57.347095,-34.75913,-46.52219,-10.59612,51.0
-61.724396,-40.27583,-35.58319,-11.00432,52.0
-62.053635,-35.82063,-40.15499,-10.01552,51.0
-62.382835,-31.365429,-44.72679,-9.02672,50.0
-59.734936,-41.50283,-43.39579,-3.5560203,49.0
-57.343235,-36.94633,-48.38459,-6.4547205,50.0
