0,1,2,3,4
0.0,0.0,0.0,0.0,0.0
0.21661,-8.0329,-1.8848,3.8853,-1.0
-3.81629,-8.264649,-2.77562,2.703,-2.0
-7.80619,-5.558049,-5.17022,1.84009,-3.0
-11.42889,-1.5622492,-5.52867,-2.06461,-2.0
-11.6018505,-2.7438493,-4.1468697,-1.33101,-1.0
-9.58415,-0.94564927,-7.10497,-1.12111,0.0
-7.08885,-12.092849,-9.04027,2.34269,-1.0
-10.54935,-9.402749,-8.87862,1.32029,0.0
-9.321449,-5.371849,-13.5221195,-2.5922098,1.0
-11.539749,-6.625849,-10.5235195,-2.2284298,2.0
-14.626349,-13.262049,0.016980171,-3.1202497,3.0
-14.560221,-10.770649,-2.9231198,-3.7418098,4.0
-12.77272,-5.9906487,-8.0593195,-6.97801,5.0
-13.54733,-7.867449,-5.6570196,-5.8461103,6.0
-12.98794,-8.177849,-5.4739494,-5.3995805,7.0
-13.50744,-4.914549,-8.56345,-4.4146805,6.0
-16.346539,-11.544549,1.9214506,-4.8358107,7.0
-19.22354,-7.484649,-1.7044494,-4.5103707,6.0
-18.485939,-2.6321492,-6.50305,-10.176271,7.0
-17.520828,-12.043249,-8.23355,-5.3133717,6.0
-15.489828,-10.191249,-11.24565,-5.3103685,7.0
-15.819068,-5.7360487,-15.817451,-4.3215685,6.0
-19.569368,-19.194649,1.7757502,-7.0986686,7.0
-19.030008,-15.300249,-3.0408497,-11.440469,8.0
-19.549479,-12.036949,-6.1303496,-10.455549,7.0
-19.428219,-11.813479,-6.6036196,-9.48531,8.0
-19.05185,-12.637059,-5.8181896,-8.740069,9.0
-18.45135,-11.6376095,-8.030789,-8.642671,10.0
-16.87035,-10.768519,-10.344589,-7.8185506,11.0
-15.36265,-8.80892,-13.402989,-7.9409804,12.0
-18.93075,-17.02192,-3.3199892,-6.9733305,13.0
-22.82695,-12.23152,-6.7153893,-6.4358206,12.0
-21.56975,-7.35842,-12.00149,-12.309921,13.0
-20.78285,-16.92472,-8.214789,-4.8065214,12.0
-20.13813,-12.318521,-16.56179,-2.0966215,11.0
-23.36863,-19.53202,-4.9184904,-3.0427516,12.0
-29.56893,-10.85142,-4.909356,-6.7457514,13.0
-28.25063,-8.94972,-8.220456,-6.6806803,14.0
-26.80053,-5.3430204,-12.276155,-8.277281,15.0
-30.62083,-18.39812,4.682144,-10.582481,16.0
-31.087341,-16.05982,1.7009442,-11.625582,17.0
-30.40554,-11.20942,-3.512356,-17.729881,18.0
-30.59635,-20.339119,0.21264386,-11.907481,17.0
-31.73955,-16.597818,-5.365056,-11.271701,16.0
-32.44525,-11.099718,-13.701856,-8.400201,15.0
-30.85485,-8.887618,-16.820156,-8.517451,16.0
-29.427351,-20.767319,-17.236286,-1.5196514,15.0
-27.233051,-16.217018,-22.212286,-4.2450514,16.0
-30.834251,-22.755919,-11.688886,-4.734721,17.0
-31.763952,-18.958818,-16.331785,-4.439021,16.0
-30.412151,-17.899319,-18.675486,-4.039041,17.0
-28.67905,-13.944919,-23.416685,-6.540741,18.0
-33.06665,-21.67162,-11.451185,-7.995041,19.0
-33.99635,-17.87452,-16.094086,-7.699341,18.0
-33.83527,-11.412119,-24.451385,-6.177741,17.0
-31.97687,-19.298119,-22.787086,-4.339341,16.0
-30.29697,-15.091318,-27.326887,-6.732441,17.0
-30.17073,-25.412918,-23.614788,-0.6139407,16.0
-28.15303,-23.614717,-26.572887,-0.4040407,17.0
-32.63913,-36.903618,-9.264187,-3.6234407,18.0
-34.65403,-33.216217,-11.202687,-7.5152407,19.0
-39.82013,-25.172916,-11.158422,-12.01354,20.0
-38.800728,-24.070017,-13.458423,-11.41959,21.0
-37.01323,-19.290016,-18.594624,-14.65579,22.0
-36.85215,-12.827616,-26.951923,-13.134191,21.0
-39.56045,-19.654217,-19.418024,-12.544121,22.0
-36.91255,-29.791616,-18.087025,-7.073421,21.0
-36.017433,-25.017817,-22.930124,-12.664321,22.0
-35.372715,-20.411617,-31.277124,-9.954421,21.0
-39.068813,-34.089516,-13.697624,-12.572521,22.0
-40.212013,-30.348215,-19.275324,-11.936741,21.0
-38.98411,-26.317314,-23.918823,-15.849241,22.0
-39.503613,-23.054014,-27.008324,-14.864342,21.0
-37.472614,-21.202015,-30.020424,-14.861339,22.0
-41.950115,-34.232315,-12.937023,-17.895838,23.0
-40.359715,-32.020214,-16.055323,-18.013088,24.0
-42.364815,-25.156414,-24.187323,-17.772987,23.0
-41.988445,-25.979994,-23.401892,-17.027748,24.0
-42.317684,-21.524794,-27.973692,-16.038948,23.0
-42.837185,-18.261494,-31.063192,-15.054049,22.0
-45.979485,-31.297993,-15.385892,-15.715698,23.0
-44.627686,-30.238493,-17.729591,-15.315719,24.0
-43.419685,-26.164093,-22.493092,-17.92862,25.0
-43.939156,-22.900793,-25.582592,-16.943699,24.0
-41.291256,-33.038193,-24.251593,-11.473,23.0
-39.783554,-31.078592,-27.309992,-11.595429,24.0
-38.563755,-28.980392,-30.505392,-11.466999,25.0
-38.892956,-24.525192,-35.077194,-10.478199,24.0
-38.106056,-34.09149,-31.290495,-2.9747992,23.0
-42.099457,-28.258192,-30.743265,-7.912699,24.0
-42.618958,-24.994892,-33.832764,-6.927799,23.0
-45.70556,-31.631092,-23.292263,-7.819619,24.0
-44.124557,-30.762003,-25.606064,-6.995499,25.0
-42.86736,-25.888903,-30.892164,-12.869599,26.0
-42.83714,-26.940104,-29.489765,-12.095909,27.0
-40.44544,-22.383604,-34.478565,-14.994609,28.0
-40.69579,-31.709805,-30.791265,-8.740309,27.0
-38.501488,-27.159504,-35.767265,-11.465709,28.0
-42.102688,-33.698402,-25.243866,-11.955379,29.0
-40.512287,-31.486301,-28.362165,-12.072629,30.0
-38.72479,-26.7063,-33.498367,-15.308829,31.0
-40.113487,-31.583601,-27.020967,-14.967039,32.0
-40.442688,-27.1284,-31.592768,-13.978239,31.0
-39.65579,-36.694702,-27.806068,-6.474839,30.0
-37.922688,-32.740303,-32.547268,-8.97654,31.0
-35.904987,-30.942102,-35.505367,-8.76664,32.0
-39.263187,-38.182503,-24.063467,-9.3377695,33.0
-37.23219,-36.3305,-27.075567,-9.334766,34.0
-37.75166,-33.0672,-30.165068,-8.349846,33.0
-38.27116,-29.8039,-33.254566,-7.364946,32.0
-41.50166,-37.0174,-21.611267,-8.311076,33.0
-39.10996,-32.4609,-26.600067,-11.209776,34.0
-40.039658,-28.6638,-31.242968,-10.914076,33.0
-40.55916,-25.4005,-34.332466,-9.929176,32.0
-44.576458,-33.7128,-21.877766,-11.366676,33.0
-43.31926,-28.839699,-27.163866,-17.240776,34.0
-41.124958,-24.289398,-32.139866,-19.966175,35.0
-39.26656,-32.1754,-30.475567,-18.127775,34.0
-39.5958,-27.7202,-35.047367,-17.138975,33.0
-40.1153,-24.4569,-38.136868,-16.154076,32.0
-41.6774,-26.668999,-33.87777,-15.874355,33.0
-45.0356,-33.909397,-22.43587,-16.445486,34.0
-42.643898,-29.352898,-27.42467,-19.344187,35.0
-42.973137,-24.897697,-31.99647,-18.355387,34.0
-42.186237,-34.463997,-28.20977,-10.851987,33.0
-42.025158,-28.001596,-36.56707,-9.330387,32.0
-46.511257,-41.290497,-19.25837,-12.5497875,33.0
-46.840458,-36.835297,-23.83017,-11.560987,32.0
-47.770157,-33.038197,-28.47307,-11.265287,31.0
-46.179756,-30.826096,-31.59137,-11.382538,32.0
-44.67206,-28.866495,-34.64977,-11.504968,33.0
-42.64106,-27.014496,-37.66187,-11.501965,34.0
-46.14706,-39.581196,-22.50127,-12.254125,35.0
-44.79526,-38.521694,-24.84497,-11.854145,36.0
-43.77586,-37.418793,-27.14497,-11.260195,37.0
-41.98836,-32.638794,-32.28117,-14.496395,38.0
-39.97066,-30.840593,-35.23927,-14.286495,39.0
-40.49016,-27.577293,-38.32877,-13.301596,38.0
-45.53786,-33.379593,-27.08477,-13.691696,39.0
-46.46756,-29.582493,-31.72767,-13.395996,38.0
-46.98706,-26.319193,-34.81717,-12.411097,37.0
-50.12936,-39.355694,-19.13987,-13.072746,38.0
-50.64886,-36.092392,-22.22937,-12.087847,37.0
-52.47046,-29.617592,-30.28077,-11.669296,36.0
-50.889458,-28.748503,-32.59457,-10.845177,37.0
-48.695156,-24.198202,-37.57057,-13.570577,38.0
-51.964355,-36.9388,-22.013271,-13.712397,39.0
-50.456657,-34.979202,-25.07167,-13.834826,40.0
-48.262356,-30.428902,-30.04767,-16.560226,41.0
-48.781826,-27.165602,-33.13717,-15.575306,40.0
-47.481827,-37.433403,-30.18417,-9.711506,39.0
-45.464127,-35.635204,-33.14227,-9.501606,40.0
-43.873726,-33.423103,-36.26057,-9.618856,41.0
-44.393227,-30.159803,-39.35007,-8.633957,40.0
-45.781925,-35.0371,-32.872673,-8.292167,41.0
-43.994427,-30.257101,-38.008873,-11.528367,42.0
-47.352627,-37.4975,-26.566973,-12.099497,43.0
-45.619526,-33.543102,-31.308172,-14.601196,44.0
-45.458447,-27.080702,-39.665474,-13.0795965,43.0
-50.506145,-32.883003,-28.421474,-13.469696,44.0
-51.025646,-29.619703,-31.510975,-12.484797,43.0
-51.545147,-26.356403,-34.600475,-11.499897,42.0
-50.245148,-36.624203,-31.647476,-5.636097,41.0
-48.795048,-33.0175,-35.703175,-7.232697,42.0
-49.124287,-28.562302,-40.274975,-6.243897,41.0
-52.630287,-41.129,-25.114376,-6.996057,42.0
-51.73517,-36.3552,-29.957476,-12.586957,43.0
-49.70417,-34.5032,-32.969574,-12.583954,44.0
-50.03337,-30.048,-37.541374,-11.595154,43.0
-50.55284,-26.7847,-40.630875,-10.610233,42.0
-52.220543,-33.9382,-32.737976,-9.642583,43.0
-50.770443,-30.331501,-36.793674,-11.239183,44.0
-48.739445,-28.479502,-39.805775,-11.23618,45.0
-49.397114,-31.281301,-36.094276,-10.2387905,46.0
-49.916615,-28.018002,-39.183777,-9.253891,45.0
-53.003216,-34.6542,-28.643276,-10.145711,46.0
-51.495514,-32.694603,-31.701675,-10.268141,47.0
-52.015015,-29.431303,-34.791176,-9.283241,46.0
-52.344254,-24.976103,-39.362976,-8.294441,45.0
-56.830353,-38.265003,-22.054276,-11.513842,46.0
-56.092754,-33.412502,-26.852875,-17.17974,47.0
-54.502354,-31.200401,-29.971174,-17.296991,48.0
-54.831554,-26.745201,-34.542976,-16.308191,47.0
-52.183655,-36.8826,-33.211975,-10.837492,46.0
-50.165955,-35.0844,-36.170074,-10.627592,47.0
-50.685455,-31.8211,-39.259575,-9.642693,46.0
-53.524555,-38.4511,-28.774673,-10.063823,47.0
-52.296654,-34.4202,-33.418175,-13.976322,48.0
-50.265656,-32.5682,-36.430275,-13.973319,49.0
-50.785156,-29.3049,-39.519775,-12.988419,48.0
-48.926758,-37.1909,-37.855476,-11.150019,47.0
-49.25596,-32.7357,-42.427277,-10.161219,46.0
-53.27776,-41.0397,-29.872276,-11.671119,47.0
-53.79723,-37.776398,-32.961777,-10.686199,46.0
-52.20683,-35.564297,-36.08008,-10.80345,47.0
-50.18913,-33.766098,-39.038177,-10.59355,48.0
-50.70863,-30.502798,-42.127678,-9.60865,47.0
-53.93913,-37.716297,-30.484379,-10.55478,48.0
-54.868828,-33.919197,-35.127277,-10.25908,47.0
-52.477127,-29.362698,-40.116077,-13.15778,48.0
-55.56373,-35.998898,-29.575577,-14.0496,49.0
-56.26943,-30.500797,-37.912376,-11.1781,48.0
-56.78893,-27.237497,-41.001877,-10.193199,47.0
-54.14103,-37.374897,-39.670876,-4.7224994,46.0
-54.47027,-32.919697,-44.242676,-3.7336993,45.0
-56.476868,-39.638695,-35.226475,-3.6337142,46.0
-54.085167,-35.082195,-40.215275,-6.5324144,47.0
-54.414368,-30.626995,-44.787075,-5.5436144,46.0
-55.946568,-35.723595,-38.109177,-5.368634,47.0
-53.752266,-31.173294,-43.085175,-8.094034,48.0
-58.229767,-44.203594,-26.001774,-11.128534,49.0
-56.19877,-42.351593,-29.013874,-11.125531,50.0
-56.71824,-39.088295,-32.103374,-10.140612,49.0
-55.228638,-35.659496,-36.134274,-11.566511,50.0
-55.74814,-32.396194,-39.223774,-10.581612,49.0
-56.26764,-29.132895,-42.313274,-9.596712,48.0
-55.48074,-38.699196,-38.526573,-2.0933123,47.0
-53.80084,-34.492397,-43.066372,-4.486412,48.0
-55.807438,-41.211395,-34.05017,-4.386427,49.0
-54.217037,-38.999294,-37.168472,-4.503677,50.0
-54.736538,-35.735992,-40.257973,-3.518777,49.0
-55.065777,-31.280792,-44.829773,-2.5299768,48.0
-56.454475,-36.158092,-38.35237,-2.188187,49.0
-56.973976,-32.89479,-41.44187,-1.2032869,48.0
-54.942978,-31.042791,-44.45397,-1.2002839,49.0
-59.42048,-44.07309,-27.370571,-4.2347836,50.0
-57.91278,-42.11349,-30.42897,-4.3572135,51.0
-56.594482,-40.211792,-33.74007,-4.2921424,52.0
-54.20278,-35.655293,-38.72887,-7.1908426,53.0
-52.00848,-31.104992,-43.704872,-9.916243,54.0
-55.75878,-44.56359,-26.111671,-12.693342,55.0
-54.538982,-42.46539,-29.307072,-12.564912,56.0
-53.894264,-37.859188,-37.65407,-9.855012,55.0
-51.876564,-36.06099,-40.61217,-9.645112,56.0
-52.205765,-31.60579,-45.18397,-8.656312,55.0
-51.418865,-41.17209,-41.39727,-1.1529121,54.0
-55.566765,-34.049587,-41.480675,-7.570112,55.0
-56.086266,-30.786287,-44.570175,-6.585212,54.0
-60.463566,-36.302986,-33.631176,-6.993412,55.0
-60.792805,-31.847786,-38.202976,-6.004612,54.0
-61.312305,-28.584486,-41.292477,-5.019712,53.0
-64.6705,-35.824886,-29.850576,-5.590842,54.0
-62.9906,-31.618086,-34.390377,-7.983942,55.0
-63.51007,-28.354786,-37.479877,-6.999022,54.0
-61.49237,-26.556585,-40.437977,-6.789122,55.0
-63.49897,-33.275585,-31.421776,-6.689137,56.0
-62.04887,-29.668884,-35.477474,-8.285737,57.0
-59.85457,-25.118584,-40.453476,-11.011137,58.0
-63.085068,-32.332085,-28.810177,-11.957267,59.0
-60.43717,-42.469482,-27.479177,-6.486567,58.0
-61.366867,-38.672382,-32.122078,-6.190867,57.0
-59.633766,-34.717983,-36.863277,-8.692567,58.0
-57.242065,-30.161484,-41.852077,-11.591267,59.0
-61.062366,-43.216583,-24.893778,-13.896467,60.0
-59.481365,-42.347492,-27.207579,-13.072348,61.0
-61.486465,-35.483692,-35.339577,-12.832248,60.0
-60.841747,-30.877491,-43.686577,-10.122348,59.0
-60.054848,-40.44379,-39.899876,-2.618948,58.0
-60.57435,-37.18049,-42.989376,-1.634048,57.0
-61.09385,-33.91719,-46.078876,-0.649148,56.0
-65.57135,-46.94749,-28.995476,-3.6836479,57.0
-63.54035,-45.09549,-32.007576,-3.680645,58.0
-62.33235,-41.021088,-36.771076,-6.293545,59.0
